time_stamp	px_state	py_state	v_state	yaw_angle_state	yaw_rate_state	sensor_type	NIS	px_measured	py_measured	px_ground_truth	py_ground_truth	vx_ground_truth	vy_ground_truth
1477010443000000	0.312243	0.58034	1	1	0.5	lidar	0	0.312243	0.58034	0.6	0.6	5.19994	0
1477010443050000	0.636321	0.736803	4.65918	1.10348	0.50714	radar	16.5466	0.862916	0.534212	0.859997	0.600045	5.19975	0.00179686
1477010443100000	1.0364	0.612122	4.75449	0.0103872	0.404707	lidar	5.1257	1.17385	0.481073	1.11998	0.600225	5.19943	0.00538996
1477010443150000	1.23918	0.512111	4.88139	0.0190615	0.438306	radar	2.38843	0.969149	0.397513	1.37996	0.600629	5.19898	0.0107781
1477010443200000	1.53944	0.564609	4.91805	0.0880014	0.464129	lidar	1.2068	1.65063	0.62469	1.6399	0.601347	5.19839	0.0179597
1477010443250000	1.78573	0.561193	5.30656	0.0953835	0.550938	radar	1.72938	1.62331	0.499091	1.89982	0.60247	5.19766	0.0269323
1477010443300000	2.08677	0.606479	5.34257	0.127585	0.568187	lidar	0.759521	2.18882	0.648739	2.1597	0.604086	5.19678	0.0376932
1477010443350000	2.30759	0.647399	5.21858	0.172882	0.572046	radar	1.77333	1.96701	0.557117	2.41954	0.606284	5.19573	0.0502389
1477010443400000	2.58372	0.686434	5.2455	0.179817	0.505527	lidar	0.324994	2.65526	0.66598	2.67932	0.609155	5.1945	0.0645654
1477010443450000	2.85829	0.672793	5.27361	0.11176	0.187133	radar	0.573532	2.92034	0.645898	2.93904	0.612786	5.19309	0.080668
1477010443500000	3.09704	0.684772	5.2489	0.102219	0.114903	lidar	0.535676	3.01222	0.637046	3.19869	0.617267	5.19147	0.0985415
1477010443550000	3.39185	0.571508	5.30011	-0.0838875	-0.498506	radar	2.84205	3.56096	0.485311	3.45825	0.622685	5.18963	0.11818
1477010443600000	3.70002	0.46203	5.37045	-0.222056	-0.828571	lidar	3.63642	3.89365	0.311793	3.71772	0.62913	5.18754	0.139576
1477010443650000	3.97922	0.548351	5.41864	-0.0756986	-0.287387	radar	3.35611	4.19786	0.698311	3.97708	0.636689	5.18519	0.162724
1477010443700000	4.25753	0.542857	5.42512	-0.0731761	-0.243302	lidar	0.226672	4.30935	0.578564	4.23632	0.645449	5.18256	0.187614
1477010443750000	4.51661	0.580543	5.34008	-0.0308242	-0.118175	radar	1.14371	4.61908	0.68951	4.49542	0.655498	5.17962	0.214238
1477010443800000	4.7051	0.695193	5.17756	0.0797431	0.13023	lidar	9.73955	4.35143	0.899174	4.75437	0.666921	5.17634	0.242587
1477010443850000	4.95729	0.692086	5.09261	0.0657221	0.091268	radar	1.68646	5.20901	0.66599	5.01315	0.679804	5.1727	0.272649
1477010443900000	5.26187	0.681919	5.17431	0.0450513	0.0446847	lidar	3.61903	5.51894	0.648233	5.27175	0.694234	5.16867	0.304413
1477010443950000	5.52261	0.687327	5.25183	0.0430305	0.0363681	radar	1.6299	5.22834	0.639362	5.53013	0.710295	5.16422	0.337868
1477010444000000	5.82217	0.697803	5.30999	0.0421762	0.0324351	lidar	2.11897	6.022	0.708619	5.78828	0.728072	5.15932	0.372999
1477010444050000	6.06484	0.62214	5.18429	-0.0167033	-0.0656941	radar	3.92356	5.89392	0.373584	6.04618	0.747647	5.15393	0.409793
1477010444100000	6.32099	0.734735	5.17488	0.058007	0.0545389	lidar	3.17285	6.34249	0.948833	6.30379	0.769103	5.14803	0.448233
1477010444150000	6.57097	0.767518	5.12562	0.0719778	0.0711839	radar	0.333471	6.62134	0.836138	6.5611	0.792523	5.14157	0.488305
1477010444200000	6.82021	0.76198	5.11666	0.0609927	0.0507599	lidar	0.228038	6.78214	0.714036	6.81808	0.817988	5.13452	0.52999
1477010444250000	7.06181	0.74608	4.98359	0.0451174	0.0261284	radar	2.57583	7.29121	0.630741	7.07469	0.845578	5.12685	0.573269
1477010444300000	7.27982	0.827426	4.93846	0.0869912	0.0785027	lidar	2.24701	7.13735	0.957217	7.3309	0.875373	5.11851	0.618123
1477010444350000	7.57697	0.839511	5.14233	0.0835125	0.068944	radar	5.13907	8.08349	0.819605	7.58668	0.907449	5.10946	0.664531
1477010444400000	7.83066	0.815162	5.13576	0.062782	0.0399502	lidar	0.637807	7.80533	0.719126	7.84199	0.941886	5.09966	0.712469
1477010444450000	8.07895	0.833671	5.03067	0.0659442	0.0411962	radar	2.31058	8.40453	0.884557	8.0968	0.978759	5.08907	0.761915
1477010444500000	8.31691	0.848456	5.01076	0.0674921	0.0406567	lidar	0.253654	8.24796	0.840322	8.35106	1.01814	5.07766	0.812843
1477010444550000	8.58943	0.935503	5.1916	0.102476	0.0768626	radar	6.61748	8.45858	1.41118	8.60472	1.06011	5.06537	0.865226
1477010444600000	8.83008	0.991151	5.16745	0.12028	0.091808	lidar	0.596846	8.74615	1.04858	8.85775	1.10473	5.05216	0.919037
1477010444650000	9.12167	1.02984	5.23564	0.126642	0.0934956	radar	6.85297	9.8809	1.1419	9.1101	1.15208	5.03798	0.974245
1477010444700000	9.36159	1.06101	5.20497	0.131043	0.0932993	lidar	0.596222	9.25579	1.04913	9.36172	1.20223	5.0228	1.03082
1477010444750000	9.6427	1.13161	5.26983	0.150071	0.10757	radar	4.40101	10.1016	1.52474	9.61255	1.25524	5.00656	1.08873
1477010444800000	9.9212	1.25294	5.31303	0.188512	0.139981	lidar	3.1762	10.0484	1.44598	9.86254	1.31118	4.98922	1.14794
1477010444850000	10.1681	1.33532	5.17761	0.210018	0.154523	radar	5.08543	10.5377	1.72555	10.1117	1.37011	4.97074	1.20841
1477010444900000	10.3927	1.41377	5.1397	0.228568	0.165008	lidar	1.23286	10.2492	1.45907	10.3598	1.4321	4.95106	1.2701
1477010444950000	10.6231	1.48749	4.97996	0.244868	0.17327	radar	3.67771	10.9084	1.70343	10.6069	1.49721	4.93014	1.33298
1477010445000000	10.8449	1.52307	4.94233	0.244756	0.165178	lidar	0.972536	10.7313	1.45265	10.853	1.56549	4.90794	1.39701
1477010445050000	11.1129	1.57406	5.03583	0.246945	0.1592	radar	2.10234	11.4783	1.42876	11.0979	1.637	4.8844	1.46213
1477010445100000	11.3932	1.62638	5.08856	0.248702	0.15331	lidar	1.99558	11.587	1.61462	11.3416	1.71179	4.85948	1.52832
1477010445150000	11.6234	1.68009	5.01799	0.254204	0.151542	radar	0.6945	11.4763	1.53917	11.584	1.78992	4.83313	1.59551
1477010445200000	11.8521	1.74608	4.99771	0.263482	0.15315	lidar	0.28376	11.7788	1.74591	11.8251	1.87144	4.80531	1.66366
1477010445250000	12.1112	1.83241	5.10938	0.276514	0.157693	radar	1.57459	12.136	2.14937	12.0647	1.95639	4.77598	1.73273
1477010445300000	12.3533	1.87039	5.09119	0.27285	0.147162	lidar	0.507779	12.3226	1.78353	12.3029	2.04482	4.74508	1.80265
1477010445350000	12.6104	1.93406	5.17285	0.276533	0.143455	radar	0.785957	12.5457	1.77728	12.5394	2.13677	4.71257	1.87338
1477010445400000	12.8138	2.05743	5.12644	0.305732	0.16369	lidar	3.5073	12.5924	2.17509	12.7743	2.23227	4.67842	1.94485
1477010445450000	13.0844	2.16232	5.26792	0.320219	0.168843	radar	3.10622	13.2198	2.6644	13.0075	2.33137	4.64258	2.01701
1477010445500000	13.2919	2.29565	5.2275	0.349564	0.188101	lidar	3.03562	13.0875	2.40708	13.2388	2.43409	4.605	2.08981
1477010445550000	13.4717	2.41574	5.00177	0.377063	0.206168	radar	11.7749	12.7087	3.12439	13.4682	2.54047	4.56565	2.16317
1477010445600000	13.7222	2.5384	5.04507	0.395855	0.213926	lidar	1.11444	13.836	2.62479	13.6955	2.65053	4.52448	2.23703
1477010445650000	13.9433	2.64001	5.0043	0.409144	0.21661	radar	0.279451	13.8302	2.73893	13.9208	2.7643	4.48147	2.31134
1477010445700000	14.1741	2.79539	5.03918	0.438585	0.23373	lidar	1.37438	14.2106	2.94205	14.1439	2.88179	4.43656	2.38601
1477010445750000	14.4262	2.90569	5.15951	0.446723	0.229423	radar	1.14131	14.5568	2.87021	14.3646	3.00303	4.38974	2.46099
1477010445800000	14.6293	2.9921	5.10045	0.452433	0.224166	lidar	1.88171	14.4616	2.90734	14.583	3.12802	4.34097	2.5362
1477010445850000	14.8646	3.13767	5.1863	0.472991	0.232196	radar	3.94745	14.6754	3.96041	14.7989	3.25679	4.29021	2.61157
1477010445900000	15.0778	3.32788	5.21167	0.510492	0.25618	lidar	2.14137	15.0261	3.5067	15.0122	3.38932	4.23744	2.68703
1477010445950000	15.2922	3.47724	5.13605	0.53346	0.266751	radar	3.20318	15.3685	4.14761	15.2228	3.52563	4.18263	2.76249
1477010446000000	15.5085	3.67026	5.17779	0.56756	0.285988	lidar	1.564	15.5236	3.82936	15.4306	3.66572	4.12575	2.83789
1477010446050000	15.7203	3.79707	5.13986	0.578523	0.283225	radar	0.765392	15.7234	3.4105	15.6355	3.80957	4.06678	2.91315
1477010446100000	15.9395	3.95519	5.16078	0.597197	0.287398	lidar	0.198502	15.9774	4.00094	15.8375	3.95719	4.00571	2.98817
1477010446150000	16.1377	4.10101	5.04404	0.616054	0.293295	radar	1.87742	16.3376	4.21632	16.0363	4.10854	3.94251	3.0629
1477010446200000	16.3349	4.3036	5.08461	0.649623	0.310801	lidar	1.23848	16.3313	4.44499	16.2319	4.26363	3.87716	3.13723
1477010446250000	16.547	4.46111	5.11089	0.663808	0.309355	radar	0.5311	16.7586	4.48231	16.4242	4.42242	3.80966	3.21109
1477010446300000	16.7222	4.63938	5.09738	0.689427	0.318751	lidar	0.832166	16.6039	4.67344	16.613	4.5849	3.74	3.28438
1477010446350000	16.8814	4.8016	4.88417	0.716398	0.332523	radar	4.47325	16.9236	5.10119	16.7983	4.75103	3.66817	3.35704
1477010446400000	17.0451	5.03485	4.9349	0.758341	0.355891	lidar	2.0894	16.9955	5.21099	16.9799	4.92077	3.59416	3.42897
1477010446450000	17.2181	5.18933	4.88078	0.772949	0.353676	radar	1.24715	17.3421	4.64623	17.1579	5.09409	3.51797	3.50008
1477010446500000	17.3721	5.38525	4.88458	0.801446	0.363618	lidar	0.539313	17.2894	5.43542	17.3319	5.27094	3.4396	3.57028
1477010446550000	17.5314	5.53784	4.8032	0.815782	0.361144	radar	2.56917	17.6463	4.74597	17.5019	5.45128	3.35907	3.63949
1477010446600000	17.7121	5.6862	4.79091	0.822036	0.350323	lidar	0.540253	17.7853	5.62476	17.6679	5.63506	3.27637	3.70762
1477010446650000	17.8621	5.86307	4.71323	0.844405	0.356413	radar	0.9144	17.9216	6.07151	17.8297	5.82221	3.19151	3.77458
1477010446700000	18.0302	6.07248	4.76807	0.868492	0.362219	lidar	1.02662	18.1263	6.16985	17.9872	6.01269	3.10453	3.84027
1477010446750000	18.1849	6.26951	4.79419	0.889691	0.364919	radar	0.968304	18.1245	6.79027	18.1402	6.20641	3.01542	3.90462
1477010446800000	18.307	6.51792	4.84392	0.930956	0.385965	lidar	1.77602	18.2164	6.66138	18.2888	6.40332	2.92421	3.96753
1477010446850000	18.444	6.71873	4.81987	0.954163	0.390366	radar	0.4189	18.4022	7.02231	18.4328	6.60333	2.83093	4.0289
1477010446900000	18.5809	6.87481	4.76238	0.962557	0.380147	lidar	0.864774	18.5422	6.76013	18.572	6.80638	2.7356	4.08867
1477010446950000	18.7312	7.08145	4.8429	0.977891	0.375214	radar	0.696358	18.8089	7.24388	18.7064	7.01237	2.63825	4.14672
1477010447000000	18.9154	7.24403	4.83656	0.973828	0.354562	lidar	3.11292	19.1441	7.18344	18.8359	7.22122	2.53893	4.20299
1477010447050000	19.0102	7.43	4.68882	1.00173	0.366557	radar	3.76462	18.5479	7.4012	18.9604	7.43283	2.43767	4.25737
1477010447100000	19.1037	7.70045	4.76479	1.04591	0.390103	lidar	2.2801	19.0138	7.8688	19.0798	7.64712	2.3345	4.3098
1477010447150000	19.2259	7.90445	4.77903	1.06256	0.386958	radar	0.197991	19.3089	7.67375	19.1939	7.86397	2.22949	4.36017
1477010447200000	19.3039	8.12768	4.76819	1.09467	0.398355	lidar	1.58853	19.132	8.12845	19.3028	8.08329	2.12266	4.40842
1477010447250000	19.4037	8.33676	4.79177	1.11369	0.395999	radar	2.18614	19.0239	8.17194	19.4062	8.30497	2.01409	4.45445
1477010447300000	19.4914	8.49243	4.68496	1.12418	0.387235	lidar	3.04407	19.347	8.30741	19.5042	8.5289	1.90381	4.49819
1477010447350000	19.5855	8.69437	4.64093	1.14397	0.388553	radar	0.435316	19.6843	8.35902	19.5966	8.75494	1.7919	4.53956
1477010447400000	19.7362	8.88599	4.65038	1.14294	0.370412	lidar	3.858	20.0039	8.8906	19.6835	8.983	1.67841	4.57848
1477010447450000	19.8153	9.09853	4.59225	1.16852	0.378686	radar	0.912259	19.6061	9.48659	19.7645	9.21294	1.56341	4.61488
1477010447500000	19.9396	9.33862	4.66341	1.1826	0.374772	lidar	3.26227	20.1574	9.45949	19.8398	9.44463	1.44697	4.64869
1477010447550000	19.9941	9.5441	4.54155	1.21325	0.388962	radar	2.44136	19.6163	9.76606	19.9093	9.67795	1.32916	4.67984
1477010447600000	20.0785	9.79448	4.60753	1.23781	0.393861	lidar	1.06956	20.1573	9.90876	19.9728	9.91275	1.21005	4.70826
1477010447650000	20.1416	10.0436	4.68423	1.26437	0.398652	radar	7.41835	19.1911	11.5493	20.0303	10.1489	1.08972	4.73389
1477010447700000	20.1911	10.3249	4.77123	1.3005	0.413425	lidar	1.33513	20.166	10.4687	20.0818	10.3863	0.968259	4.75666
1477010447750000	20.2164	10.5449	4.66165	1.33565	0.430271	radar	3.2896	19.6775	10.803	20.1271	10.6247	0.845742	4.77652
1477010447800000	20.2729	10.8314	4.76767	1.36559	0.438264	lidar	2.35365	20.371	11.0109	20.1663	10.864	0.722256	4.7934
1477010447850000	20.3039	11.0862	4.80267	1.39524	0.445002	radar	5.06711	19.4335	12.3402	20.1993	11.1041	0.597892	4.80727
1477010447900000	20.3366	11.3315	4.81552	1.42078	0.447948	lidar	0.042861	20.3164	11.3483	20.2261	11.3449	0.472738	4.81807
1477010447950000	20.3014	11.553	4.62623	1.47411	0.484309	radar	12.122	19.2063	12.2418	20.2466	11.5861	0.346889	4.82575
1477010448000000	20.365	11.8081	4.68382	1.48736	0.475036	lidar	4.19392	20.6141	11.9422	20.2608	11.8275	0.220439	4.83027
1477010448050000	20.3856	12.0455	4.76002	1.50416	0.463877	radar	3.21401	19.966	11.9688	20.2687	12.0692	0.093487	4.83159
1477010448100000	20.371	12.3456	4.87217	1.54324	0.478242	lidar	1.57707	20.3263	12.4966	20.2701	12.3108	-0.0338694	4.82968
1477010448150000	20.3337	12.5666	4.72914	1.58782	0.504141	radar	4.28949	20.0192	12.4823	20.2652	12.5522	-0.161529	4.82451
1477010448200000	20.3532	12.8153	4.75493	1.60545	0.497695	lidar	1.41083	20.498	12.8924	20.254	12.7933	-0.28939	4.81605
1477010448250000	20.3449	13.0367	4.69967	1.63068	0.50011	radar	2.08128	20.9151	12.2555	20.2363	13.0339	-0.417348	4.80428
1477010448300000	20.3091	13.2528	4.66532	1.66056	0.504161	lidar	1.06283	20.1943	13.1688	20.2122	13.2738	-0.545298	4.78918
1477010448350000	20.2735	13.4813	4.66395	1.68891	0.506404	radar	1.334	19.858	13.5236	20.1818	13.5129	-0.673135	4.77072
1477010448400000	20.2461	13.7538	4.74407	1.71522	0.50763	lidar	1.35481	20.3245	13.8896	20.1449	13.7509	-0.800753	4.74892
1477010448450000	20.1971	13.9712	4.68016	1.74806	0.517624	radar	1.11791	20.3387	13.5307	20.1017	13.9878	-0.928043	4.72374
1477010448500000	20.1364	14.2393	4.75873	1.78044	0.523589	lidar	0.612034	20.1216	14.337	20.0521	14.2233	-1.0549	4.69521
1477010448550000	20.0677	14.4625	4.73911	1.81276	0.52973	radar	1.56405	19.6717	14.4038	19.9962	14.4573	-1.18121	4.66331
1477010448600000	19.9555	14.7305	4.83211	1.8567	0.545138	lidar	1.91335	19.781	14.773	19.934	14.6897	-1.30687	4.62805
1477010448650000	19.888	14.9445	4.81427	1.88005	0.539102	radar	3.12789	20.1149	14.0165	19.8655	14.9202	-1.43177	4.58944
1477010448700000	19.8523	15.1647	4.78045	1.89391	0.527742	lidar	1.6268	20.0208	15.2053	19.7908	15.1486	-1.55581	4.54751
1477010448750000	19.7369	15.3617	4.63944	1.95057	0.570109	radar	9.23516	20.0157	15.3443	19.7099	15.3749	-1.67887	4.50226
1477010448800000	19.7054	15.5488	4.55468	1.9616	0.554846	lidar	2.44408	19.9131	15.554	19.6229	15.5989	-1.80085	4.45372
1477010448850000	19.617	15.7445	4.52629	1.98987	0.555481	radar	1.1904	19.9388	15.0864	19.5298	15.8203	-1.92164	4.40193
1477010448900000	19.507	15.9691	4.57309	2.02128	0.558757	lidar	0.176057	19.4748	16.0098	19.4307	16.039	-2.04114	4.3469
1477010448950000	19.4055	16.1728	4.59027	2.04456	0.550572	radar	1.54022	19.1556	16.0022	19.3257	16.2549	-2.15925	4.28868
1477010449000000	19.2936	16.3541	4.55324	2.07514	0.553052	lidar	0.527007	19.238	16.2719	19.2148	16.4679	-2.27586	4.22731
1477010449050000	19.1803	16.5451	4.53482	2.10525	0.556736	radar	0.27123	19.4007	16.2962	19.0981	16.6777	-2.39087	4.16284
1477010449100000	19.0406	16.7687	4.60964	2.13666	0.559996	lidar	0.410883	19.0029	16.8387	18.9757	16.8841	-2.50418	4.0953
1477010449150000	18.8909	16.9594	4.58876	2.18525	0.590527	radar	7.52548	18.8373	17.7112	18.8477	17.0872	-2.61571	4.02476
1477010449200000	18.7036	17.216	4.76889	2.22168	0.596793	lidar	2.32756	18.6148	17.3832	18.7142	17.2866	-2.72534	3.95127
1477010449250000	18.5931	17.4169	4.77939	2.22504	0.560398	radar	5.14461	18.8177	17.0316	18.5752	17.4822	-2.83299	3.87489
1477010449300000	18.3709	17.6214	4.88918	2.2718	0.576364	lidar	4.25025	18.1023	17.5529	18.4309	17.674	-2.93858	3.79568
1477010449350000	18.23	17.812	4.8901	2.28533	0.554372	radar	2.43918	18.2749	17.4877	18.2814	17.8617	-3.042	3.71372
1477010449400000	18.096	17.9945	4.85669	2.30523	0.547774	lidar	0.83428	18.2094	18.0461	18.1268	18.0453	-3.14318	3.62906
1477010449450000	17.923	18.1503	4.82337	2.34287	0.56093	radar	1.86555	18.3021	17.498	17.9671	18.2246	-3.24204	3.5418
1477010449500000	17.7971	18.2831	4.70522	2.366	0.556745	lidar	0.989738	17.9018	18.2183	17.8026	18.3994	-3.3385	3.45199
1477010449550000	17.6649	18.4597	4.6801	2.37791	0.539514	radar	6.72252	18.8558	18.1364	17.6334	18.5697	-3.43247	3.35973
1477010449600000	17.4598	18.6487	4.7725	2.40757	0.541776	lidar	0.573467	17.3845	18.7039	17.4595	18.7353	-3.5239	3.26509
1477010449650000	17.2825	18.7892	4.74311	2.43896	0.546876	radar	1.64875	17.7945	18.0801	17.281	18.8962	-3.61271	3.16817
1477010449700000	17.1232	18.9208	4.68055	2.46475	0.545577	lidar	0.26275	17.1762	18.8863	17.0983	19.0521	-3.69883	3.06904
1477010449750000	16.9547	19.0903	4.69351	2.47974	0.531802	radar	3.2518	16.9398	19.7311	16.9113	19.203	-3.78221	2.9678
1477010449800000	16.7349	19.208	4.70654	2.51883	0.542216	lidar	2.64359	16.5734	19.052	16.7201	19.3488	-3.86278	2.86455
1477010449850000	16.5428	19.3638	4.73644	2.54129	0.538687	radar	3.24	16.1674	20.2201	16.5251	19.4894	-3.9405	2.75938
1477010449900000	16.3066	19.5321	4.84827	2.56759	0.538004	lidar	0.82316	16.2338	19.6171	16.3262	19.6246	-4.01531	2.65237
1477010449950000	16.0871	19.6172	4.81687	2.61096	0.555261	radar	9.94525	16.4366	18.2742	16.1237	19.7545	-4.08716	2.54364
1477010450000000	15.8782	19.7617	4.84959	2.63238	0.549909	lidar	0.74277	15.9243	19.8703	15.9176	19.8789	-4.15602	2.43329
1477010450050000	15.6921	19.8805	4.78585	2.6456	0.528591	radar	3.61747	16.2328	19.2166	15.7082	19.9978	-4.22185	2.32141
1477010450100000	15.4516	20.0372	4.88956	2.6653	0.522685	lidar	1.28824	15.4332	20.1836	15.4956	20.111	-4.28461	2.2081
1477010450150000	15.2351	20.1818	4.91861	2.67832	0.50771	radar	5.93519	14.3677	21.3406	15.2799	20.2185	-4.34427	2.09347
1477010450200000	15.051	20.3051	4.87388	2.69352	0.499398	lidar	2.14465	15.2016	20.4385	15.0613	20.3203	-4.4008	1.97763
1477010450250000	14.8214	20.391	4.87214	2.7251	0.505719	radar	1.88829	14.7476	19.9571	14.84	20.4162	-4.4542	1.86068
1477010450300000	14.6059	20.5067	4.87901	2.74375	0.500177	lidar	0.740036	14.6665	20.6088	14.6161	20.5063	-4.50443	1.74272
1477010450350000	14.3662	20.5992	4.91465	2.77308	0.506743	radar	1.01662	13.841	21.0031	14.3897	20.5904	-4.55149	1.62386
1477010450400000	14.1207	20.6726	4.92972	2.80384	0.511193	lidar	0.585601	14.0521	20.5924	14.1611	20.6686	-4.59537	1.50421
1477010450450000	13.881	20.748	4.94998	2.83368	0.517726	radar	0.271157	13.8232	20.859	13.9304	20.7408	-4.63606	1.38386
1477010450500000	13.6035	20.8148	5.01983	2.86573	0.522523	lidar	1.42877	13.4686	20.7253	13.6977	20.807	-4.67357	1.26294
1477010450550000	13.3499	20.8531	5.05609	2.90798	0.544402	radar	2.53596	13.8263	20.4261	13.4632	20.8671	-4.70789	1.14153
1477010450600000	13.1105	20.8923	5.02954	2.93919	0.547878	lidar	0.220297	13.1072	20.8294	13.2271	20.9211	-4.73904	1.01975
1477010450650000	12.8753	20.9511	5.01694	2.96224	0.54443	radar	1.78013	13.2669	21.1579	12.9895	20.969	-4.76702	0.897694
1477010450700000	12.6916	20.9874	4.89281	2.9862	0.542644	lidar	2.18572	12.8729	21.0592	12.7506	21.0108	-4.79186	0.775469
1477010450750000	12.4319	21.0312	4.94465	3.01326	0.544107	radar	2.55992	11.5171	21.6724	12.5106	21.0465	-4.81358	0.653175
1477010450800000	12.1883	21.0678	4.94604	3.03785	0.541903	lidar	0.110232	12.2062	21.11	12.2695	21.0761	-4.83219	0.530912
1477010450850000	11.9464	21.0893	4.95615	3.06728	0.546722	radar	1.08383	12.3859	21.1066	12.0276	21.0996	-4.84773	0.408778
1477010450900000	11.7108	21.0605	4.91082	3.10773	0.558161	lidar	2.1019	11.6814	20.8651	11.785	21.117	-4.86022	0.286869
1477010450950000	11.459	21.0493	4.92753	3.14208	0.565044	radar	1.20616	11.5265	20.6748	11.5418	21.1283	-4.86971	0.165281
1477010451000000	11.254	21.0401	4.84527	3.17144	0.566836	lidar	0.75725	11.363	21.0688	11.2982	21.1335	-4.87623	0.0441057
1477010451050000	10.9924	21.0051	4.88939	3.20892	0.57586	radar	4.34045	10.5558	20.5567	11.0544	21.1327	-4.87982	-0.076565
1477010451100000	10.7929	20.9656	4.79833	3.24413	0.582352	lidar	0.712096	10.8903	20.927	10.8105	21.1259	-4.88053	-0.196643
1477010451150000	10.5488	20.9577	4.75172	3.26198	0.566477	radar	5.00637	9.30535	21.3896	10.5666	21.1131	-4.8784	-0.31604
1477010451200000	10.2608	20.9842	4.86313	3.27024	0.548006	lidar	3.22338	10.189	21.209	10.3229	21.0943	-4.87349	-0.434674
1477010451250000	10.0245	20.9635	4.84984	3.29284	0.543312	radar	0.988658	9.97958	21.2932	10.0795	21.0697	-4.86585	-0.552463
1477010451300000	9.84262	20.9215	4.73996	3.32338	0.547582	lidar	1.58524	9.99634	20.9797	9.83658	21.0391	-4.85554	-0.669327
1477010451350000	9.62564	20.9016	4.63079	3.33756	0.5296	radar	2.25805	9.38223	21.111	9.59422	21.0028	-4.84262	-0.785189
1477010451400000	9.43817	20.8498	4.55671	3.36777	0.533729	lidar	0.654935	9.53921	20.8762	9.35258	20.9607	-4.82714	-0.899977
1477010451450000	9.22667	20.8045	4.54392	3.39278	0.533036	radar	1.38868	9.63392	20.9724	9.11177	20.9128	-4.80919	-1.01362
1477010451500000	8.9161	20.7744	4.71295	3.40249	0.516389	lidar	3.03935	8.70331	20.8221	8.87192	20.8594	-4.78881	-1.12605
1477010451550000	8.70856	20.695	4.68246	3.43543	0.523224	radar	4.21043	9.84634	20.009	8.63315	20.8003	-4.76608	-1.2372
1477010451600000	8.41675	20.6138	4.81292	3.45829	0.518726	lidar	3.07658	8.22277	20.4839	8.39557	20.7358	-4.74108	-1.34701
1477010451650000	8.1903	20.5342	4.81627	3.48527	0.520022	radar	0.0358061	8.29647	20.4978	8.1593	20.6657	-4.71387	-1.45542
1477010451700000	7.94192	20.4541	4.85738	3.50745	0.516227	lidar	0.195789	7.88599	20.45	7.92445	20.5903	-4.68453	-1.56237
1477010451750000	7.72514	20.37	4.87886	3.53484	0.520608	radar	3.30466	8.29081	20.6565	7.69111	20.5096	-4.65313	-1.66781
1477010451800000	7.4023	20.3086	5.04654	3.53698	0.498011	lidar	3.60367	7.18029	20.392	7.45939	20.4237	-4.61975	-1.7717
1477010451850000	7.17221	20.2124	5.01362	3.55918	0.493652	radar	0.343066	7.09214	20.1196	7.22939	20.3326	-4.58448	-1.87399
1477010451900000	6.90309	20.127	5.08035	3.57212	0.482787	lidar	0.706221	6.81542	20.1859	7.00119	20.2364	-4.54738	-1.97462
1477010451950000	6.68409	20.0345	5.01868	3.59085	0.476005	radar	0.75482	6.89359	20.1536	6.7749	20.1352	-4.50854	-2.07357
1477010452000000	6.43476	19.9412	5.0541	3.60539	0.467678	lidar	0.434358	6.38914	20.0137	6.55059	20.0292	-4.46805	-2.17079
1477010452050000	6.225	19.8471	5.00402	3.62407	0.463297	radar	3.06883	6.67637	20.2142	6.32834	19.9183	-4.42598	-2.26625
1477010452100000	5.95799	19.7513	5.07415	3.63285	0.45018	lidar	0.977091	5.86119	19.8306	6.10823	19.8027	-4.38241	-2.35993
1477010452150000	5.71933	19.6103	5.15816	3.6605	0.457022	radar	1.46545	5.28178	19.5036	5.89034	19.6824	-4.33744	-2.45178
1477010452200000	5.55114	19.4883	5.05934	3.69047	0.464351	lidar	1.57472	5.69089	19.5755	5.67472	19.5577	-4.29114	-2.5418
1477010452250000	5.34932	19.3413	5.05212	3.71981	0.470132	radar	1.65485	5.9506	18.9859	5.46145	19.4284	-4.24359	-2.62995
1477010452300000	5.14019	19.2387	5.02594	3.73297	0.461671	lidar	2.17312	5.17021	19.4397	5.25059	19.2948	-4.19488	-2.71622
1477010452350000	4.96449	19.1245	4.89349	3.75163	0.455401	radar	4.76623	5.87397	19.301	5.04219	19.157	-4.1451	-2.80059
1477010452400000	4.80305	18.9782	4.83483	3.7829	0.463469	lidar	0.494881	4.89149	18.982	4.8363	19.015	-4.09432	-2.88305
1477010452450000	4.59149	18.8282	4.90992	3.80451	0.463734	radar	1.60139	3.98679	19.0452	4.63297	18.8689	-4.04263	-2.96359
1477010452500000	4.41547	18.6985	4.86638	3.82481	0.461858	lidar	1.11823	4.4685	18.834	4.43224	18.7188	-3.99012	-3.0422
1477010452550000	4.24634	18.5545	4.77475	3.84669	0.458659	radar	1.18883	4.69245	18.4634	4.23416	18.5648	-3.93685	-3.11888
1477010452600000	4.12172	18.406	4.68277	3.87988	0.468858	lidar	1.50723	4.26269	18.481	4.03876	18.4071	-3.88293	-3.19362
1477010452650000	3.92192	18.2355	4.88299	3.90426	0.475291	radar	7.47303	3.42434	18.8357	3.84606	18.2457	-3.82841	-3.26644
1477010452700000	3.66142	18.0877	4.98785	3.90188	0.45097	lidar	2.95026	3.45919	18.167	3.65611	18.0807	-3.77339	-3.33732
1477010452750000	3.51126	17.9371	4.84485	3.92273	0.446656	radar	3.44943	4.3011	17.9267	3.46891	17.9122	-3.71795	-3.40627
1477010452800000	3.27881	17.767	4.93217	3.92905	0.431395	lidar	1.48575	3.12525	17.7493	3.28449	17.7402	-3.66215	-3.47331
1477010452850000	3.09018	17.5847	5.03176	3.95034	0.43392	radar	2.21766	2.65664	17.888	3.10287	17.565	-3.60609	-3.53844
1477010452900000	2.91803	17.4654	4.96651	3.95669	0.421403	lidar	6.47574	2.9449	17.8154	2.92405	17.3866	-3.54982	-3.60167
1477010452950000	2.75775	17.2536	5.08098	3.99013	0.436234	radar	2.67101	3.26647	17.0897	2.74805	17.2051	-3.49344	-3.66302
1477010453000000	2.5804	17.0658	5.092	4.00788	0.432515	lidar	0.0650018	2.55407	17.0853	2.57486	17.0205	-3.437	-3.72251
1477010453050000	2.42941	16.8995	4.9271	4.02235	0.422013	radar	2.30705	2.55039	16.8884	2.4045	16.833	-3.38059	-3.78014
1477010453100000	2.26652	16.728	4.91577	4.03689	0.416418	lidar	0.599547	2.25371	16.8334	2.23695	16.6427	-3.32428	-3.83595
1477010453150000	2.10099	16.5304	4.87077	4.05273	0.409065	radar	4.92074	1.57735	16.0489	2.07221	16.4497	-3.26812	-3.88995
1477010453200000	1.93809	16.3016	4.93096	4.07615	0.410843	lidar	2.15447	1.88972	16.1054	1.91027	16.254	-3.21219	-3.94216
1477010453250000	1.7966	16.1246	4.83354	4.09094	0.403689	radar	0.976647	1.74362	16.2687	1.75112	16.0557	-3.15656	-3.99261
1477010453300000	1.59511	15.9537	4.87821	4.08747	0.382309	lidar	2.30713	1.44745	16.0853	1.59474	15.8549	-3.10129	-4.04132
1477010453350000	1.45511	15.7248	5.00467	4.11553	0.393181	radar	1.7919	1.6097	15.5526	1.44111	15.6517	-3.04644	-4.08832
1477010453400000	1.27883	15.5041	5.06465	4.12642	0.384684	lidar	0.855864	1.18395	15.4284	1.29021	15.4463	-2.99207	-4.13364
1477010453450000	1.1315	15.3111	5.01247	4.13805	0.376665	radar	1.19392	0.828993	15.528	1.14201	15.2386	-2.93825	-4.1773
1477010453500000	0.918216	15.0872	5.11897	4.13526	0.356245	lidar	2.71234	0.722706	15.0075	0.996486	15.0288	-2.88503	-4.21933
1477010453550000	0.791649	14.9083	4.96849	4.14691	0.347999	radar	2.83769	1.03147	15.2134	0.853604	14.8169	-2.83246	-4.25977
1477010453600000	0.682664	14.6985	4.94222	4.171	0.354215	lidar	0.18883	0.737301	14.7047	0.71333	14.603	-2.78061	-4.29864
1477010453650000	0.561329	14.4586	5.04505	4.19674	0.363461	radar	1.51301	0.722177	14.2445	0.575628	14.3872	-2.72952	-4.33598
1477010453700000	0.385332	14.233	5.11005	4.19913	0.348731	lidar	1.13478	0.253435	14.2029	0.440459	14.1696	-2.67925	-4.37181
1477010453750000	0.247304	13.9807	5.27477	4.21999	0.355068	radar	2.39814	-0.0328023	13.9604	0.307779	13.9502	-2.62984	-4.40617
1477010453800000	0.221555	13.7381	5.18565	4.26969	0.384444	lidar	3.6771	0.459172	13.6856	0.177545	13.7292	-2.58135	-4.43909
1477010453850000	0.107991	13.4947	5.26011	4.29001	0.387001	radar	0.738444	0.0524412	13.6377	0.0497099	13.5065	-2.53381	-4.47061
1477010453900000	-0.0531372	13.2584	5.30795	4.29094	0.36999	lidar	1.21379	-0.190344	13.2856	-0.0757753	13.2823	-2.48728	-4.50075
1477010453950000	-0.163998	13.042	5.1866	4.30205	0.360953	radar	1.41013	-0.275043	13.1456	-0.198962	13.0566	-2.44179	-4.52955
1477010454000000	-0.175222	12.8245	5.07418	4.34631	0.385806	lidar	3.66077	0.0462308	12.9301	-0.319903	12.8295	-2.39739	-4.55704
1477010454050000	-0.28294	12.5994	4.9783	4.35598	0.374644	radar	3.10357	-0.684792	12.3563	-0.438654	12.6011	-2.35412	-4.58326
1477010454100000	-0.398391	12.3645	5.00566	4.36472	0.365332	lidar	0.377869	-0.476482	12.3633	-0.555273	12.3714	-2.31202	-4.60823
1477010454150000	-0.506058	12.1565	4.93531	4.37046	0.352939	radar	3.6908	-0.972122	12.5207	-0.669818	12.1404	-2.27111	-4.63198
1477010454200000	-0.584703	11.9414	4.90773	4.3867	0.352019	lidar	0.497429	-0.582624	12.0386	-0.78235	11.9083	-2.23144	-4.65456
1477010454250000	-0.695694	11.7123	4.90034	4.39162	0.339562	radar	2.94992	-1.26757	11.6495	-0.892931	11.6751	-2.19304	-4.67598
1477010454300000	-0.88147	11.4629	5.00697	4.37273	0.305925	lidar	5.41101	-1.17212	11.3988	-1.00163	11.4409	-2.15594	-4.69628
1477010454350000	-0.962276	11.2418	4.87122	4.38388	0.298958	radar	2.78584	-0.891441	10.959	-1.1085	11.2057	-2.12017	-4.71549
1477010454400000	-1.13446	11.0113	4.94207	4.36593	0.268511	lidar	4.10608	-1.39289	11.0424	-1.21362	10.9695	-2.08575	-4.73364
1477010454450000	-1.21875	10.7668	5.03132	4.38186	0.272869	radar	1.00717	-1.29894	10.9012	-1.31706	10.7324	-2.05273	-4.75075
1477010454500000	-1.35375	10.5084	5.10364	4.37842	0.256698	lidar	1.68752	-1.49687	10.4198	-1.41889	10.4945	-2.02111	-4.76686
1477010454550000	-1.44612	10.2462	5.1837	4.39093	0.257381	radar	1.10953	-1.59293	10.0212	-1.51917	10.2559	-1.99093	-4.78198
1477010454600000	-1.54671	10.0357	5.14531	4.39345	0.248479	lidar	2.42256	-1.61875	10.2374	-1.61797	10.0165	-1.96221	-4.79615
1477010454650000	-1.62571	9.81079	5.06399	4.40253	0.243999	radar	0.715759	-1.59702	9.96554	-1.71539	9.77637	-1.93498	-4.80939
1477010454700000	-1.70686	9.59156	5.03426	4.41091	0.240883	lidar	0.819413	-1.73381	9.71347	-1.81147	9.53564	-1.90924	-4.82172
1477010454750000	-1.81726	9.3388	5.12192	4.41231	0.23215	radar	2.95031	-2.27191	9.37316	-1.90631	9.29431	-1.88502	-4.83316
1477010454800000	-1.91199	9.04087	5.21929	4.42126	0.228749	lidar	3.94659	-1.93833	8.77028	-1.99998	9.05243	-1.86233	-4.84374
1477010454850000	-1.98651	8.82424	5.0898	4.4269	0.221125	radar	2.17112	-1.96565	9.13274	-2.09256	8.81003	-1.8412	-4.85347
1477010454900000	-2.08897	8.57019	5.1296	4.42757	0.211362	lidar	0.518199	-2.1768	8.5411	-2.18412	8.56717	-1.82164	-4.86238
1477010454950000	-2.21108	8.31654	5.1575	4.41996	0.193531	radar	3.67707	-2.65862	8.19477	-2.27474	8.32388	-1.80365	-4.87047
1477010455000000	-2.26509	8.08522	5.11773	4.43513	0.198878	lidar	0.389345	-2.21875	8.15339	-2.3645	8.0802	-1.78726	-4.87778
1477010455050000	-2.32011	7.87953	5.01016	4.4457	0.198888	radar	5.31483	-2.273	8.52315	-2.45348	7.83617	-1.77248	-4.8843
1477010455100000	-2.43842	7.62483	5.07271	4.438	0.182388	lidar	1.52388	-2.59674	7.60288	-2.54177	7.59184	-1.75931	-4.89006
1477010455150000	-2.58	7.39533	4.98914	4.41543	0.148239	radar	7.41812	-3.08256	7.38874	-2.62944	7.34723	-1.74777	-4.89507
1477010455200000	-2.69063	7.13583	5.0539	4.41091	0.136872	lidar	0.999099	-2.79865	7.064	-2.71658	7.10238	-1.73786	-4.89933
1477010455250000	-2.75582	6.90552	5.04959	4.42125	0.14141	radar	1.21093	-2.79412	7.20818	-2.80326	6.85734	-1.72958	-4.90286
1477010455300000	-2.80084	6.70201	4.9635	4.43498	0.148192	lidar	1.71461	-2.74651	6.86867	-2.88957	6.61214	-1.72295	-4.90566
1477010455350000	-2.85155	6.49056	4.80624	4.44134	0.142701	radar	3.46934	-2.57673	6.36755	-2.97559	6.36681	-1.71797	-4.90774
1477010455400000	-2.91343	6.25437	4.81241	4.44936	0.143429	lidar	0.038136	-2.90217	6.22989	-3.0614	6.12139	-1.71464	-4.90911
1477010455450000	-3.0323	6.00571	4.89137	4.43779	0.126004	radar	4.75039	-3.50172	6.10796	-3.14709	5.87592	-1.71297	-4.90976
1477010455500000	-3.12494	5.7242	4.99344	4.43753	0.119144	lidar	2.24176	-3.1778	5.53101	-3.23274	5.63043	-1.71295	-4.9097
1477010455550000	-3.22873	5.48053	4.94057	4.42487	0.0959106	radar	3.33347	-3.19736	5.19093	-3.31843	5.38496	-1.71458	-4.90893
1477010455600000	-3.33125	5.21285	5.02491	4.42015	0.0866781	lidar	1.24496	-3.43031	5.10507	-3.40424	5.13955	-1.71787	-4.90745
1477010455650000	-3.40641	4.96761	5.04106	4.42404	0.0865853	radar	0.0391487	-3.4281	4.94644	-3.49026	4.89422	-1.72281	-4.90525
1477010455700000	-3.52863	4.67888	5.17638	4.41393	0.0727585	lidar	3.01879	-3.69435	4.52196	-3.57657	4.64902	-1.72939	-4.90233
1477010455750000	-3.63938	4.42539	5.14435	4.39828	0.0472929	radar	3.30759	-3.50501	4.17643	-3.66325	4.40398	-1.73763	-4.89868
1477010455800000	-3.77697	4.14407	5.2746	4.38371	0.0316997	lidar	3.42174	-4.00238	4.04684	-3.75039	4.15913	-1.74749	-4.8943
1477010455850000	-3.86452	3.9035	5.26859	4.38502	0.0327785	radar	0.982337	-4.06447	4.10977	-3.83806	3.91452	-1.75899	-4.88918
1477010455900000	-3.93357	3.67581	5.20886	4.39003	0.0358985	lidar	0.491237	-3.88053	3.75177	-3.92635	3.67019	-1.77212	-4.8833
1477010455950000	-4.0319	3.47556	5.09117	4.37653	0.0156227	radar	4.87382	-4.23729	3.88878	-4.01533	3.42616	-1.78686	-4.87666
1477010456000000	-4.12218	3.23108	5.10714	4.37566	0.0142015	lidar	0.0536167	-4.15119	3.21968	-4.10509	3.18248	-1.8032	-4.86925
1477010456050000	-4.24444	2.96847	5.16689	4.36022	-0.00665272	radar	1.71963	-4.27467	2.88187	-4.19571	2.93919	-1.82113	-4.86104
1477010456100000	-4.33654	2.69021	5.24569	4.36216	-0.00463666	lidar	1.09751	-4.32451	2.55034	-4.28727	2.69633	-1.84065	-4.85202
1477010456150000	-4.42794	2.43898	5.25694	4.36156	-0.00539954	radar	0.0533897	-4.38481	2.39989	-4.37985	2.45393	-1.86173	-4.84218
1477010456200000	-4.53475	2.16982	5.32427	4.35882	-0.00714653	lidar	0.670848	-4.61223	2.09192	-4.47352	2.21205	-1.88436	-4.83149
1477010456250000	-4.6453	1.93191	5.31555	4.34127	-0.0340836	radar	5.05657	-4.29257	1.92854	-4.56836	1.97072	-1.90853	-4.81994
1477010456300000	-4.76275	1.65206	5.41017	4.3375	-0.034955	lidar	1.37714	-4.86829	1.53442	-4.66444	1.72998	-1.93422	-4.80751
1477010456350000	-4.88923	1.39291	5.46759	4.32318	-0.0522096	radar	1.14674	-4.98165	1.43611	-4.76186	1.48989	-1.9614	-4.79417
1477010456400000	-4.94354	1.17144	5.3454	4.32966	-0.0461767	lidar	4.736	-4.66779	1.28643	-4.86066	1.25049	-1.99007	-4.7799
1477010456450000	-5.03821	0.960498	5.259	4.32355	-0.0510106	radar	1.27864	-4.98594	1.10894	-4.96095	1.01182	-2.02019	-4.76468
1477010456500000	-5.09562	0.739019	5.16853	4.32884	-0.0458801	lidar	3.44526	-4.85498	0.825661	-5.06277	0.77393	-2.05174	-4.74848
1477010456550000	-5.19563	0.430709	5.34586	4.33196	-0.043108	radar	5.00848	-4.84736	0.18101	-5.16621	0.536876	-2.08471	-4.73127
1477010456600000	-5.26935	0.196894	5.29064	4.33417	-0.0403925	lidar	1.31821	-5.1231	0.257311	-5.27133	0.300706	-2.11906	-4.71303
1477010456650000	-5.37959	-0.034423	5.24181	4.3306	-0.0376566	radar	5.88538	-5.99809	-0.290765	-5.3782	0.0654719	-2.15477	-4.69374
1477010456700000	-5.45082	-0.26437	5.19122	4.33333	-0.0346919	lidar	1.34021	-5.29972	-0.212982	-5.4869	-0.168772	-2.1918	-4.67335
1477010456750000	-5.56701	-0.445119	5.10684	4.31369	-0.0559886	radar	4.23056	-5.64447	-0.144522	-5.59748	-0.401971	-2.23014	-4.65185
1477010456800000	-5.69867	-0.625903	5.02251	4.29315	-0.0738193	lidar	3.16561	-5.85359	-0.445801	-5.71001	-0.634069	-2.26974	-4.62919
1477010456850000	-5.81184	-0.870477	5.15804	4.28118	-0.0894956	radar	6.25129	-5.30947	-0.724468	-5.82456	-0.865006	-2.31058	-4.60536
1477010456900000	-5.91093	-1.14007	5.22081	4.28561	-0.0798896	lidar	0.998341	-5.87835	-1.26863	-5.94118	-1.09472	-2.35262	-4.58032
1477010456950000	-6.0025	-1.41172	5.28622	4.29157	-0.0704093	radar	2.30628	-5.68069	-1.52871	-6.05993	-1.32316	-2.39581	-4.55404
1477010457000000	-6.1393	-1.61958	5.24407	4.27424	-0.0841795	lidar	1.6612	-6.27263	-1.50938	-6.18087	-1.55025	-2.44014	-4.52648
1477010457050000	-6.27763	-1.87863	5.43239	4.25901	-0.101664	radar	4.32787	-6.11355	-1.75966	-6.30406	-1.77593	-2.48555	-4.49762
1477010457100000	-6.38748	-2.12672	5.43343	4.25731	-0.0984787	lidar	0.12663	-6.34007	-2.13685	-6.42954	-2.00014	-2.532	-4.46742
1477010457150000	-6.5341	-2.33427	5.37129	4.2389	-0.111414	radar	3.9639	-6.99344	-2.17445	-6.55738	-2.22281	-2.57946	-4.43585
1477010457200000	-6.68293	-2.54243	5.33495	4.22028	-0.124579	lidar	1.20924	-6.79288	-2.4458	-6.68761	-2.44386	-2.62788	-4.40288
1477010457250000	-6.83428	-2.76436	5.35383	4.20375	-0.13562	radar	1.7182	-7.14408	-2.67584	-6.82029	-2.66323	-2.6772	-4.36847
1477010457300000	-6.93443	-3.02454	5.37802	4.21078	-0.121955	lidar	1.33366	-6.8003	-3.10086	-6.95546	-2.88084	-2.7274	-4.3326
1477010457350000	-7.06244	-3.2472	5.31972	4.204	-0.121559	radar	0.324965	-7.13937	-3.22028	-7.09316	-3.09663	-2.7784	-4.29523
1477010457400000	-7.18721	-3.43496	5.24236	4.18994	-0.130919	lidar	1.83763	-7.12118	-3.26434	-7.23344	-3.3105	-2.83017	-4.25632
1477010457450000	-7.33377	-3.6868	5.29549	4.18472	-0.128534	radar	4.23359	-7.77186	-4.08999	-7.37632	-3.5224	-2.88265	-4.21586
1477010457500000	-7.48653	-3.82185	5.15909	4.15317	-0.155417	lidar	6.24528	-7.49009	-3.49081	-7.52184	-3.73223	-2.93579	-4.1738
1477010457550000	-7.62846	-4.03689	5.19513	4.14241	-0.15955	radar	0.644712	-7.52393	-3.88213	-7.67004	-3.93992	-2.98953	-4.13012
1477010457600000	-7.78734	-4.2602	5.2172	4.13079	-0.162596	lidar	0.531802	-7.88049	-4.29783	-7.82094	-4.14538	-3.04381	-4.08479
1477010457650000	-7.93721	-4.4816	5.22588	4.12207	-0.162885	radar	0.360645	-8.08524	-4.57834	-7.97457	-4.34854	-3.09857	-4.03778
1477010457700000	-8.10469	-4.71446	5.26769	4.11193	-0.164018	lidar	1.12864	-8.22492	-4.79812	-8.13095	-4.5493	-3.15376	-3.98906
1477010457750000	-8.24537	-4.90991	5.11868	4.10409	-0.161349	radar	2.26951	-8.453	-4.95621	-8.2901	-4.74759	-3.2093	-3.93862
1477010457800000	-8.38261	-5.11869	5.1098	4.09848	-0.159154	lidar	0.126485	-8.33552	-5.1059	-8.45204	-4.94331	-3.26514	-3.88641
1477010457850000	-8.52744	-5.28103	4.97117	4.08237	-0.166397	radar	3.64308	-8.55062	-4.79248	-8.61678	-5.13637	-3.32121	-3.83242
1477010457900000	-8.71678	-5.47884	5.00393	4.06227	-0.177118	lidar	2.17627	-8.91477	-5.51752	-8.78433	-5.32669	-3.37745	-3.77663
1477010457950000	-8.87627	-5.6757	5.00356	4.05119	-0.179088	radar	0.313352	-9.04115	-5.69364	-8.95469	-5.51417	-3.43377	-3.71901
1477010458000000	-9.03435	-5.85668	4.98525	4.03754	-0.183833	lidar	0.167319	-9.03391	-5.80267	-9.12788	-5.69872	-3.49012	-3.65955
1477010458050000	-9.17216	-6.00807	4.85102	4.02414	-0.187787	radar	5.52275	-8.86897	-5.41973	-9.30388	-5.88026	-3.54643	-3.59823
1477010458100000	-9.34042	-6.1126	4.75384	3.99137	-0.211314	lidar	4.78999	-9.30811	-5.82368	-9.4827	-6.05868	-3.60261	-3.53503
1477010458150000	-9.51573	-6.29938	4.81031	3.97805	-0.213961	radar	1.2345	-9.80646	-6.41174	-9.66432	-6.23389	-3.6586	-3.46994
1477010458200000	-9.66421	-6.49778	4.82401	3.9761	-0.205518	lidar	0.316818	-9.62547	-6.55958	-9.84874	-6.4058	-3.71431	-3.40295
1477010458250000	-9.87995	-6.67309	4.96213	3.95024	-0.220948	radar	7.76912	-10.6688	-6.35543	-10.0359	-6.57431	-3.76969	-3.33404
1477010458300000	-10.0852	-6.83939	4.98032	3.92742	-0.231837	lidar	1.07243	-10.2246	-6.83402	-10.2259	-6.73933	-3.82463	-3.26321
1477010458350000	-10.2675	-7.00694	5.01517	3.91221	-0.235759	radar	1.02986	-10.2205	-6.71044	-10.4186	-6.90075	-3.87907	-3.19046
1477010458400000	-10.5021	-7.18997	5.083	3.88905	-0.245709	lidar	4.11577	-10.7616	-7.29159	-10.614	-7.05849	-3.93293	-3.11577
1477010458450000	-10.7017	-7.34052	5.08511	3.868	-0.25424	radar	2.13368	-10.8944	-6.83335	-10.8121	-7.21245	-3.98613	-3.03916
1477010458500000	-10.9526	-7.50496	5.14697	3.83941	-0.268519	lidar	4.11875	-11.2219	-7.56979	-11.0128	-7.36252	-4.03859	-2.96062
1477010458550000	-11.1359	-7.64843	5.05674	3.82414	-0.270302	radar	1.41558	-10.986	-7.3707	-11.2161	-7.50862	-4.09021	-2.88015
1477010458600000	-11.2936	-7.78972	4.99351	3.81561	-0.266262	lidar	2.77334	-11.0934	-7.6776	-11.422	-7.65064	-4.14093	-2.79777
1477010458650000	-11.4837	-7.92174	4.94414	3.79748	-0.270975	radar	1.89989	-11.4213	-7.46085	-11.6304	-7.78849	-4.19066	-2.71349
1477010458700000	-11.6644	-8.02161	4.87349	3.77388	-0.281013	lidar	3.15858	-11.5269	-7.8215	-11.8413	-7.92208	-4.23932	-2.6273
1477010458750000	-11.8501	-8.13993	4.74591	3.75539	-0.285158	radar	1.48577	-11.9422	-7.88317	-12.0546	-8.05131	-4.28682	-2.53924
1477010458800000	-12.0639	-8.22934	4.72373	3.72363	-0.301609	lidar	1.22367	-12.09	-8.08828	-12.2702	-8.17609	-4.33309	-2.44932
1477010458850000	-12.2909	-8.36609	4.9025	3.70536	-0.304402	radar	3.09679	-12.4462	-8.02117	-12.4881	-8.29633	-4.37802	-2.35756
1477010458900000	-12.4972	-8.44491	4.85323	3.67565	-0.318211	lidar	2.18607	-12.4231	-8.2599	-12.7082	-8.41193	-4.42156	-2.26399
1477010458950000	-12.6927	-8.54078	4.72522	3.65424	-0.323693	radar	1.75684	-12.7461	-8.19449	-12.9304	-8.5228	-4.4636	-2.16863
1477010459000000	-12.9757	-8.63122	4.80539	3.61463	-0.34473	lidar	5.48514	-13.2911	-8.64594	-13.1547	-8.62886	-4.50407	-2.07151
1477010459050000	-13.2226	-8.74135	4.9094	3.59227	-0.348946	radar	3.07195	-13.7929	-8.47158	-13.381	-8.73002	-4.54289	-1.97267
1477010459100000	-13.4478	-8.7862	4.86676	3.55545	-0.367107	lidar	2.69925	-13.384	-8.57583	-13.6092	-8.82619	-4.57997	-1.87214
1477010459150000	-13.6475	-8.8447	4.69074	3.528	-0.376618	radar	4.06445	-13.6376	-8.26344	-13.8392	-8.91729	-4.61524	-1.76997
1477010459200000	-13.8872	-8.93815	4.7268	3.50736	-0.378054	lidar	0.780287	-13.9959	-8.99264	-14.0709	-9.00324	-4.64861	-1.6662
1477010459250000	-14.1428	-9.0325	4.90661	3.48843	-0.376804	radar	2.89253	-14.4737	-8.79552	-14.3043	-9.08395	-4.68001	-1.56086
1477010459300000	-14.3802	-9.12816	4.9246	3.47329	-0.373305	lidar	0.30587	-14.4273	-9.1875	-14.5391	-9.15936	-4.70936	-1.45402
1477010459350000	-14.6051	-9.20365	4.86713	3.45433	-0.374051	radar	0.32432	-14.5757	-9.32634	-14.7754	-9.22939	-4.73658	-1.34573
1477010459400000	-14.8941	-9.20729	4.91451	3.40333	-0.403427	lidar	3.3648	-15.062	-9.04396	-15.013	-9.29397	-4.76161	-1.23603
1477010459450000	-15.1527	-9.2831	4.94955	3.38476	-0.401843	radar	4.37196	-15.6189	-9.69365	-15.2517	-9.35302	-4.78436	-1.125
1477010459500000	-15.4329	-9.37945	5.02904	3.37205	-0.394742	lidar	4.77551	-15.6682	-9.56749	-15.4916	-9.40649	-4.80476	-1.01269
1477010459550000	-15.6667	-9.41937	4.8949	3.34583	-0.402354	radar	2.24455	-15.9382	-9.35751	-15.7324	-9.45431	-4.82275	-0.899159
1477010459600000	-15.9334	-9.48834	4.94537	3.32959	-0.398649	lidar	1.86288	-16.0862	-9.59819	-15.9741	-9.49642	-4.83827	-0.784484
1477010459650000	-16.1772	-9.50963	4.88339	3.30025	-0.408154	radar	2.42527	-16.6033	-8.85459	-16.2164	-9.53277	-4.85124	-0.668734
1477010459700000	-16.4299	-9.50158	4.88792	3.26326	-0.423252	lidar	1.0218	-16.4229	-9.37029	-16.4594	-9.5633	-4.8616	-0.55198
1477010459750000	-16.6378	-9.51354	4.78497	3.23941	-0.42666	radar	5.04742	-16.011	-9.33486	-16.7027	-9.58797	-4.8693	-0.434301
1477010459800000	-16.9274	-9.49402	4.85987	3.1986	-0.444204	lidar	2.25252	-17.1132	-9.43043	-16.9464	-9.60673	-4.87427	-0.315773
1477010459850000	-17.1842	-9.54485	4.94238	3.19091	-0.429744	radar	7.3934	-16.9255	-10.8571	-17.1903	-9.61954	-4.87646	-0.196479
1477010459900000	-17.4513	-9.55269	4.97592	3.16704	-0.43186	lidar	0.493178	-17.5448	-9.57485	-17.4342	-9.62636	-4.87583	-0.0765024
1477010459950000	-17.705	-9.54955	4.93521	3.1408	-0.437295	radar	1.75158	-18.1371	-9.39146	-17.6781	-9.62717	-4.87232	0.0440703
1477010460000000	-17.9629	-9.51356	4.95285	3.10645	-0.44858	lidar	0.506272	-17.9724	-9.42299	-17.9216	-9.62194	-4.86588	0.165151
1477010460050000	-18.1996	-9.48846	4.88021	3.07759	-0.455984	radar	0.789978	-18.3083	-9.18778	-18.1648	-9.61064	-4.85648	0.286648
1477010460100000	-18.4032	-9.51623	4.81096	3.07341	-0.439154	lidar	1.52271	-18.2763	-9.60997	-18.4074	-9.59325	-4.84408	0.40847
1477010460150000	-18.6403	-9.50204	4.85972	3.05557	-0.433896	radar	1.73737	-18.2443	-9.58547	-18.6493	-9.56977	-4.82864	0.530522
1477010460200000	-18.8933	-9.48381	4.87819	3.0353	-0.432631	lidar	0.249232	-18.9545	-9.51544	-18.8904	-9.54017	-4.81012	0.652707
1477010460250000	-19.1234	-9.44619	4.89616	3.01251	-0.432482	radar	3.96139	-18.6983	-9.02886	-19.1305	-9.50447	-4.78851	0.774927
1477010460300000	-19.3715	-9.3333	4.92217	2.96282	-0.457792	lidar	3.4864	-19.2983	-9.09865	-19.3694	-9.46265	-4.76378	0.897083
1477010460350000	-19.599	-9.26981	4.84355	2.93119	-0.467859	radar	1.30718	-19.7037	-8.79906	-19.6069	-9.41472	-4.73591	1.01907
1477010460400000	-19.8567	-9.14704	4.9015	2.88302	-0.49023	lidar	2.07761	-19.8731	-8.96417	-19.8431	-9.36071	-4.70487	1.1408
1477010460450000	-20.0919	-9.05354	4.90483	2.8483	-0.499693	radar	5.30248	-20.3815	-7.6755	-20.0775	-9.30061	-4.67066	1.26215
1477010460500000	-20.2603	-9.15524	4.71894	2.88448	-0.444497	lidar	12.8334	-20.1607	-9.59663	-20.3102	-9.23446	-4.63328	1.38303
1477010460550000	-20.5013	-9.10879	4.77025	2.87002	-0.436202	radar	1.64363	-20.4587	-9.7448	-20.5409	-9.16227	-4.59271	1.50334
1477010460600000	-20.7246	-9.01187	4.77547	2.83745	-0.445836	lidar	0.748966	-20.6596	-8.91527	-20.7696	-9.08409	-4.54895	1.62296
1477010460650000	-20.9678	-8.93251	4.79301	2.81304	-0.448419	radar	2.53149	-21.5568	-8.5005	-20.9959	-8.99994	-4.50202	1.74179
1477010460700000	-21.1624	-8.8618	4.73566	2.79274	-0.446308	lidar	1.10569	-21.0195	-8.85081	-21.2198	-8.90987	-4.45191	1.85972
1477010460750000	-21.3956	-8.77727	4.73474	2.76927	-0.448429	radar	1.95142	-21.8628	-8.64129	-21.4412	-8.81393	-4.39865	1.97666
1477010460800000	-21.585	-8.74512	4.64918	2.76494	-0.431956	lidar	1.44198	-21.5029	-8.87191	-21.6597	-8.71217	-4.34224	2.0925
1477010460850000	-21.7692	-8.62763	4.51288	2.72502	-0.453091	radar	6.09819	-21.9514	-7.41274	-21.8754	-8.60465	-4.2827	2.20712
1477010460900000	-21.9732	-8.54383	4.50417	2.70571	-0.450081	lidar	0.0458223	-21.9793	-8.57089	-22.0881	-8.49143	-4.22007	2.32043
1477010460950000	-22.1837	-8.43665	4.57209	2.6835	-0.447428	radar	2.14039	-22.1914	-7.70392	-22.2975	-8.37258	-4.15437	2.43232
1477010461000000	-22.4207	-8.32825	4.63032	2.66203	-0.44695	lidar	1.44494	-22.5838	-8.35296	-22.5035	-8.24817	-4.08564	2.5427
1477010461050000	-22.6087	-8.22144	4.57583	2.63722	-0.450489	radar	0.80388	-22.3177	-8.57758	-22.7061	-8.11829	-4.01391	2.65145
1477010461100000	-22.8612	-7.97757	4.77357	2.57518	-0.48637	lidar	6.90669	-22.9861	-7.6724	-22.9049	-7.98301	-3.93923	2.75848
1477010461150000	-23.0465	-7.84546	4.65947	2.54098	-0.501467	radar	4.06423	-23.2693	-8.32031	-23.1	-7.84243	-3.86163	2.8637
1477010461200000	-23.2856	-7.6579	4.78798	2.50358	-0.512927	lidar	2.65257	-23.4777	-7.56583	-23.2911	-7.69663	-3.78118	2.967
1477010461250000	-23.4857	-7.51032	4.85122	2.48255	-0.50543	radar	1.28947	-23.473	-7.02103	-23.4781	-7.54572	-3.69792	3.06828
1477010461300000	-23.6525	-7.36637	4.80838	2.45657	-0.505856	lidar	0.667892	-23.5408	-7.36069	-23.6609	-7.3898	-3.61191	3.16746
1477010461350000	-23.8436	-7.20374	4.83794	2.4306	-0.505782	radar	0.842242	-24.0505	-6.56968	-23.8393	-7.22897	-3.52321	3.26445
1477010461400000	-23.9998	-7.1116	4.72043	2.42265	-0.49016	lidar	1.69106	-23.9384	-7.26171	-24.0132	-7.06336	-3.43189	3.35916
1477010461450000	-24.1671	-6.93642	4.70136	2.38873	-0.500781	radar	2.17534	-24.3577	-5.94086	-24.1825	-6.89307	-3.33801	3.45149
1477010461500000	-24.3388	-6.67692	4.82619	2.33531	-0.526007	lidar	3.92118	-24.2574	-6.4352	-24.347	-6.71823	-3.24166	3.54138
1477010461550000	-24.5039	-6.50692	4.77533	2.30587	-0.533137	radar	3.67727	-24.788	-7.18367	-24.5066	-6.53896	-3.14289	3.62873
1477010461600000	-24.5971	-6.37666	4.61999	2.28169	-0.530303	lidar	5.05225	-24.3008	-6.43799	-24.6612	-6.35538	-3.0418	3.71347
1477010461650000	-24.7356	-6.1952	4.60409	2.25104	-0.534798	radar	0.403434	-24.6108	-6.00878	-24.8107	-6.16764	-2.93846	3.79553
1477010461700000	-24.9256	-5.97415	4.72524	2.22271	-0.536693	lidar	2.85962	-25.146	-5.91902	-24.955	-5.97587	-2.83295	3.87484
1477010461750000	-25.0555	-5.77222	4.72896	2.19039	-0.54152	radar	1.97589	-24.8975	-5.02285	-25.094	-5.7802	-2.72537	3.95132
1477010461800000	-25.188	-5.59785	4.69613	2.16798	-0.537374	lidar	0.135289	-25.1941	-5.64372	-25.2276	-5.58079	-2.61581	4.02492
1477010461850000	-25.3394	-5.40683	4.7463	2.1517	-0.524175	radar	1.08476	-25.5328	-5.4399	-25.3556	-5.37777	-2.50435	4.09557
1477010461900000	-25.4876	-5.17065	4.82858	2.12145	-0.52798	lidar	0.704933	-25.5713	-5.10241	-25.4779	-5.1713	-2.39109	4.16322
1477010461950000	-25.6158	-4.99	4.82943	2.10878	-0.510066	radar	6.34514	-25.0178	-6.55904	-25.5946	-4.96152	-2.27613	4.22781
1477010462000000	-25.7259	-4.81961	4.75345	2.08936	-0.504539	lidar	0.48104	-25.6952	-4.89995	-25.7055	-4.7486	-2.15956	4.2893
1477010462050000	-25.8474	-4.61013	4.77992	2.06808	-0.498594	radar	0.326452	-25.8162	-4.40681	-25.8105	-4.53268	-2.04149	4.34764
1477010462100000	-25.9618	-4.35744	4.85387	2.03527	-0.505668	lidar	0.536765	-25.9516	-4.26659	-25.9096	-4.31392	-1.92202	4.40279
1477010462150000	-26.0736	-4.13996	4.80777	2.00202	-0.521812	radar	10.8439	-26.8953	-4.43966	-26.0027	-4.0925	-1.80125	4.45471
1477010462200000	-26.1702	-3.8449	4.94017	1.96106	-0.535086	lidar	1.9267	-26.1198	-3.67723	-26.0897	-3.86856	-1.67928	4.50337
1477010462250000	-26.2462	-3.61208	4.8908	1.92015	-0.556765	radar	3.85225	-26.5652	-3.85723	-26.1706	-3.64227	-1.55623	4.54875
1477010462300000	-26.2788	-3.347	4.91187	1.87382	-0.572522	lidar	4.71257	-25.9974	-3.24722	-26.2453	-3.41381	-1.4322	4.59081
1477010462350000	-26.329	-3.10436	4.88997	1.83251	-0.589604	radar	1.05386	-26.2976	-3.01078	-26.3138	-3.18332	-1.30729	4.62954
1477010462400000	-26.3553	-2.87572	4.84872	1.79526	-0.596074	lidar	1.7294	-26.1741	-2.87885	-26.376	-2.95098	-1.18162	4.66493
1477010462450000	-26.4101	-2.6499	4.82955	1.76806	-0.594051	radar	1.24364	-26.4681	-3.44967	-26.4319	-2.71697	-1.05529	4.69696
1477010462500000	-26.4816	-2.51341	4.65035	1.7591	-0.576318	lidar	5.14521	-26.674	-2.73852	-26.4815	-2.48143	-0.928411	4.72562
1477010462550000	-26.5339	-2.27891	4.67446	1.73591	-0.568698	radar	0.801885	-26.657	-1.72382	-26.5247	-2.24456	-0.80109	4.75091
1477010462600000	-26.5822	-2.08698	4.60413	1.71554	-0.561826	lidar	0.868118	-26.6691	-2.17333	-26.5616	-2.0065	-0.673434	4.77284
1477010462650000	-26.611	-1.85325	4.62077	1.69054	-0.555097	radar	1.98767	-26.3248	-1.32261	-26.5921	-1.76744	-0.545553	4.79141
1477010462700000	-26.6111	-1.59593	4.66507	1.65309	-0.563333	lidar	1.33705	-26.4671	-1.53207	-26.6161	-1.52753	-0.417552	4.80664
1477010462750000	-26.6099	-1.37177	4.63719	1.61554	-0.576369	radar	1.77393	-26.4998	-2.19526	-26.6338	-1.28695	-0.289538	4.81852
1477010462800000	-26.6143	-1.14113	4.63412	1.58599	-0.576983	lidar	0.0113353	-26.5998	-1.14277	-26.6451	-1.04586	-0.161616	4.8271
1477010462850000	-26.641	-0.920826	4.61894	1.56669	-0.568137	radar	4.95013	-27.2008	-1.67679	-26.65	-0.804425	-0.0338883	4.83238
1477010462900000	-26.6521	-0.65849	4.68804	1.54158	-0.565291	lidar	0.631261	-26.7355	-0.59539	-26.6485	-0.562811	0.0935412	4.83439
1477010462950000	-26.6411	-0.414931	4.71126	1.50755	-0.575622	radar	2.35972	-26.9891	0.0351487	-26.6406	-0.321181	0.220572	4.83317
1477010463000000	-26.5982	-0.101754	4.86979	1.46906	-0.583601	lidar	2.79509	-26.4553	0.0602653	-26.6264	-0.0796947	0.347104	4.82874
1477010463050000	-26.5781	0.14165	4.87813	1.4399	-0.586258	radar	2.76217	-26.9537	0.136943	-26.6059	0.161489	0.473041	4.82116
1477010463100000	-26.554	0.446504	5.0105	1.41395	-0.583129	lidar	1.33725	-26.6201	0.57588	-26.5792	0.402213	0.598287	4.81045
1477010463150000	-26.5383	0.686292	4.98541	1.39797	-0.566836	radar	1.71601	-26.8241	0.381506	-26.5462	0.642323	0.722748	4.79667
1477010463200000	-26.5273	0.9725	5.06894	1.38128	-0.556845	lidar	2.63931	-26.7293	1.06082	-26.5069	0.881666	0.846334	4.77986
1477010463250000	-26.4865	1.23708	5.08096	1.36613	-0.536046	radar	7.42918	-25.9562	2.60409	-26.4616	1.12009	0.968955	4.76007
1477010463300000	-26.4271	1.46467	5.03969	1.33723	-0.537915	lidar	0.160626	-26.3986	1.42212	-26.4101	1.35745	1.09053	4.73737
1477010463350000	-26.3881	1.67551	4.95071	1.32091	-0.523357	radar	8.97634	-26.5072	-0.563928	-26.3526	1.59361	1.21096	4.71181
1477010463400000	-26.3308	1.87429	4.86681	1.29473	-0.52365	lidar	0.482957	-26.3594	1.79315	-26.2891	1.82841	1.33018	4.68345
1477010463450000	-26.2647	2.10356	4.85753	1.26939	-0.522868	radar	0.172501	-26.3475	1.82827	-26.2197	2.06173	1.44811	4.65235
1477010463500000	-26.2014	2.28464	4.75256	1.2433	-0.523211	lidar	0.795254	-26.2502	2.18481	-26.1444	2.29342	1.56467	4.61859
1477010463550000	-26.1385	2.50261	4.70796	1.22736	-0.50795	radar	1.3208	-26.069	2.27896	-26.0633	2.52336	1.67979	4.58223
1477010463600000	-26.056	2.75025	4.76253	1.20412	-0.505916	lidar	0.214198	-26.0641	2.80701	-25.9765	2.75141	1.79339	4.54334
1477010463650000	-25.9654	2.97454	4.79518	1.17322	-0.5166	radar	2.34596	-26.3234	3.02388	-25.8841	2.97746	1.90543	4.502
1477010463700000	-25.8591	3.2681	4.94671	1.15175	-0.512222	lidar	1.5632	-25.8345	3.42005	-25.7861	3.20139	2.01582	4.45828
1477010463750000	-25.7766	3.49725	4.93974	1.13361	-0.504904	radar	2.27605	-26.1824	3.73376	-25.6826	3.42306	2.12452	4.41227
1477010463800000	-25.6712	3.6925	4.88573	1.10571	-0.507424	lidar	0.216278	-25.6666	3.63509	-25.5737	3.64239	2.23146	4.36404
1477010463850000	-25.5568	3.89771	4.86516	1.07811	-0.509597	radar	1.06097	-25.5773	3.13316	-25.4596	3.85924	2.3366	4.31367
1477010463900000	-25.491	4.06584	4.74535	1.0612	-0.503186	lidar	3.88573	-25.7492	3.99968	-25.3402	4.07353	2.43989	4.26125
1477010463950000	-25.3701	4.2635	4.73186	1.03419	-0.504804	radar	0.533325	-25.3516	3.75691	-25.2157	4.28514	2.54127	4.20686
1477010464000000	-25.2091	4.49261	4.81093	1.0027	-0.509486	lidar	1.97833	-25.0214	4.52803	-25.0863	4.49399	2.64071	4.15058
1477010464050000	-25.0598	4.68345	4.77099	0.97538	-0.505767	radar	8.92542	-24.2719	4.30917	-24.9518	4.69998	2.73817	4.09251
1477010464100000	-24.9414	4.87699	4.75242	0.954454	-0.502252	lidar	0.477063	-25.0363	4.88499	-24.8126	4.90303	2.83361	4.03273
1477010464150000	-24.7871	5.06552	4.75081	0.925742	-0.504161	radar	2.24703	-24.3609	4.95947	-24.6686	5.10304	2.92701	3.97132
1477010464200000	-24.6161	5.28981	4.83864	0.900381	-0.503513	lidar	0.965242	-24.5041	5.35293	-24.5201	5.29995	3.01833	3.90839
1477010464250000	-24.4458	5.47438	4.88714	0.865952	-0.516075	radar	0.823673	-24.4379	5.24592	-24.367	5.49367	3.10754	3.84401
1477010464300000	-24.2597	5.6509	4.89903	0.832252	-0.522616	lidar	1.16427	-24.1159	5.61152	-24.2095	5.68414	3.19464	3.77827
1477010464350000	-24.0949	5.81521	4.90095	0.800853	-0.530729	radar	3.28163	-24.5638	4.75836	-24.0477	5.8713	3.27959	3.71127
1477010464400000	-23.923	5.97538	4.87777	0.77162	-0.533254	lidar	0.0657079	-23.9153	5.94377	-23.8818	6.05508	3.36239	3.64309
1477010464450000	-23.7793	6.14469	4.73694	0.762124	-0.508019	radar	4.50724	-23.5491	6.44495	-23.7117	6.23542	3.44302	3.57383
1477010464500000	-23.6136	6.29968	4.71851	0.736945	-0.50805	lidar	0.0667995	-23.6471	6.29102	-23.5377	6.41227	3.52148	3.50357
1477010464550000	-23.4671	6.45818	4.63831	0.722608	-0.494325	radar	1.89615	-23.7544	6.53746	-23.3598	6.58559	3.59775	3.4324
1477010464600000	-23.2327	6.69805	4.84205	0.706826	-0.484299	lidar	4.62545	-23.0099	6.86182	-23.1781	6.75533	3.67185	3.36041
1477010464650000	-23.0414	6.8326	4.78613	0.678898	-0.4846	radar	5.52861	-22.7862	5.74143	-22.9928	6.92146	3.74376	3.28768
1477010464700000	-22.8235	7.01265	4.87017	0.656686	-0.481875	lidar	1.03811	-22.6991	7.063	-22.804	7.08393	3.8135	3.21431
1477010464750000	-22.6134	7.15013	4.89177	0.626016	-0.488685	radar	1.33212	-22.418	6.76159	-22.6117	7.24273	3.88106	3.14038
1477010464800000	-22.4285	7.29337	4.87568	0.605087	-0.485922	lidar	0.359103	-22.5083	7.31524	-22.4161	7.39782	3.94647	3.06598
1477010464850000	-22.1973	7.43466	5.00173	0.571128	-0.500312	radar	2.21726	-22.0543	7.85452	-22.2173	7.54917	4.00974	2.99118
1477010464900000	-22.0148	7.59363	4.99696	0.55875	-0.48967	lidar	2.24635	-22.1947	7.69478	-22.0154	7.69679	4.07087	2.91607
1477010464950000	-21.8324	7.75182	4.90563	0.553346	-0.466543	radar	6.19684	-21.6178	9.0351	-21.8105	7.84064	4.12989	2.84074
1477010465000000	-21.6234	7.89493	4.92518	0.534928	-0.462136	lidar	0.149883	-21.6473	7.94	-21.6026	7.98072	4.18681	2.76526
1477010465050000	-21.4374	8.01856	4.8501	0.518809	-0.45373	radar	1.88167	-21.8637	7.78661	-21.392	8.11703	4.24166	2.68971
1477010465100000	-21.218	8.05669	4.76484	0.471534	-0.475614	lidar	3.86204	-21.0853	7.83229	-21.1787	8.24957	4.29447	2.61417
1477010465150000	-21.0329	8.18583	4.62816	0.465673	-0.452168	radar	6.68919	-20.5503	9.28616	-20.9628	8.37833	4.34526	2.53871
1477010465200000	-20.8527	8.33755	4.64405	0.462192	-0.435751	lidar	3.71102	-21.0519	8.50983	-20.7444	8.50333	4.39406	2.46341
1477010465250000	-20.6114	8.45295	4.75581	0.43748	-0.440703	radar	4.32054	-19.9265	9.40847	-20.5237	8.62457	4.4409	2.38835
1477010465300000	-20.3539	8.60067	4.8701	0.425172	-0.430959	lidar	1.72573	-20.21	8.68914	-20.3006	8.74206	4.48582	2.31358
1477010465350000	-20.1644	8.71006	4.73113	0.417363	-0.412678	radar	2.56283	-20.2277	8.8532	-20.0753	8.85583	4.52884	2.23919
1477010465400000	-19.9646	8.81448	4.71564	0.402241	-0.408193	lidar	0.656779	-20.0633	8.86724	-19.848	8.96589	4.57001	2.16524
1477010465450000	-19.7769	8.90919	4.58651	0.391782	-0.394416	radar	1.93224	-19.9264	8.78179	-19.6186	9.07227	4.60937	2.09179
1477010465500000	-19.5517	8.99185	4.60332	0.369671	-0.396233	lidar	0.259327	-19.4861	8.96665	-19.3873	9.17499	4.64694	2.01891
1477010465550000	-19.315	9.09373	4.6682	0.353665	-0.393028	radar	4.75113	-18.5719	10.2069	-19.1542	9.27409	4.68278	1.94666
1477010465600000	-19.0172	9.20366	4.82066	0.335911	-0.389505	lidar	6.26177	-18.6786	9.19191	-18.9193	9.36959	4.71692	1.8751
1477010465650000	-18.8076	9.27823	4.77999	0.317881	-0.388131	radar	1.63387	-19.2825	8.98189	-18.6827	9.46154	4.7494	1.80429
1477010465700000	-18.5434	9.39237	4.87467	0.308758	-0.378175	lidar	1.22404	-18.4242	9.46852	-18.4446	9.54996	4.78028	1.73429
1477010465750000	-18.2765	9.43619	4.99363	0.272522	-0.398174	radar	4.7458	-18.1634	8.72444	-18.2049	9.63492	4.80959	1.66514
1477010465800000	-17.9714	9.57803	5.16075	0.272907	-0.378742	lidar	3.76117	-17.7736	9.72478	-17.9639	9.71643	4.83737	1.59691
1477010465850000	-17.7307	9.66243	5.06823	0.265577	-0.362726	radar	3.45687	-17.2296	9.97767	-17.7214	9.79457	4.86368	1.52964
1477010465900000	-17.4481	9.77761	5.16947	0.261628	-0.349346	lidar	1.37008	-17.3436	9.88109	-17.4777	9.86936	4.88856	1.46338
1477010465950000	-17.2023	9.85373	5.15998	0.248896	-0.344533	radar	0.578325	-17.1554	10.212	-17.2328	9.94087	4.91205	1.39818
1477010466000000	-16.9237	9.98095	5.25588	0.251681	-0.326307	lidar	1.77823	-16.8876	10.145	-16.9868	10.0091	4.93421	1.33408
1477010466050000	-16.6707	10.0485	5.23869	0.237846	-0.323014	radar	0.101164	-16.5958	10.1078	-16.7396	10.0743	4.95507	1.27113
1477010466100000	-16.4215	10.1546	5.26256	0.237259	-0.309501	lidar	1.79469	-16.5153	10.3091	-16.4915	10.1362	4.97469	1.20937
1477010466150000	-16.1653	10.2247	5.27117	0.225061	-0.306686	radar	0.557233	-16.09	10.5824	-16.2424	10.1952	4.99311	1.14883
1477010466200000	-15.9348	10.249	5.20293	0.200427	-0.315377	lidar	0.589448	-16.006	10.1843	-15.9924	10.2511	5.01039	1.08956
1477010466250000	-15.6919	10.3086	5.14775	0.190617	-0.307801	radar	0.465743	-15.7234	10.41	-15.7416	10.3041	5.02655	1.03159
1477010466300000	-15.4778	10.3033	5.04714	0.159873	-0.322056	lidar	1.36378	-15.5699	10.1904	-15.4899	10.3543	5.04166	0.974957
1477010466350000	-15.1724	10.3425	5.2408	0.137214	-0.332252	radar	7.65784	-14.2385	10.9109	-15.2376	10.4016	5.05576	0.919692
1477010466400000	-14.9107	10.399	5.25756	0.127932	-0.325756	lidar	0.339002	-14.9365	10.4722	-14.9846	10.4462	5.06889	0.865828
1477010466450000	-14.6765	10.4233	5.08695	0.116202	-0.314983	radar	6.40763	-14.724	9.63507	-14.7309	10.4882	5.0811	0.813394
1477010466500000	-14.4374	10.3948	5.03347	0.0824411	-0.331158	lidar	1.77662	-14.4088	10.222	-14.4766	10.5276	5.09243	0.762418
1477010466550000	-14.1789	10.417	5.03808	0.0673641	-0.329102	radar	0.548664	-13.9005	10.5238	-14.2218	10.5645	5.10293	0.712926
1477010466600000	-13.8649	10.5649	5.20797	0.0938832	-0.289654	lidar	8.7294	-13.8049	10.9383	-13.9665	10.5989	5.11263	0.664944
1477010466650000	-13.6211	10.6114	5.0891	0.0929819	-0.271452	radar	2.58634	-13.3956	10.7857	-13.7107	10.631	5.12159	0.618496
1477010466700000	-13.3711	10.6146	5.07489	0.0732275	-0.276994	lidar	0.236905	-13.3556	10.5517	-13.4545	10.6608	5.12983	0.573603
1477010466750000	-13.1121	10.637	5.08809	0.0611604	-0.275301	radar	0.252908	-12.9374	10.8137	-13.1979	10.6884	5.13741	0.530288
1477010466800000	-12.8539	10.7287	5.12749	0.0731066	-0.252447	lidar	4.95671	-12.9591	11.0099	-12.9409	10.7138	5.14436	0.48857
1477010466850000	-12.5968	10.7711	5.09639	0.0713766	-0.239902	radar	1.9165	-12.2518	11.2495	-12.6836	10.7373	5.15071	0.448467
1477010466900000	-12.3622	10.744	5.04416	0.0447698	-0.253208	lidar	1.08316	-12.3713	10.6091	-12.426	10.7587	5.15651	0.409997
1477010466950000	-12.1163	10.7696	4.98164	0.0404736	-0.242366	radar	0.964763	-11.9352	10.9161	-12.1681	10.7783	5.16179	0.373177
1477010467000000	-11.8648	10.8353	5.00731	0.0472653	-0.225614	lidar	2.90181	-11.9451	11.0515	-11.91	10.7961	5.16658	0.338022
1477010467050000	-11.5932	10.8525	5.03282	0.039463	-0.221059	radar	2.85508	-10.9703	10.9676	-11.6516	10.8121	5.17092	0.304546
1477010467100000	-11.3617	10.8708	5.00011	0.0312935	-0.218891	lidar	0.714369	-11.4548	10.9407	-11.393	10.8265	5.17484	0.272761
1477010467150000	-11.0852	10.8271	5.21125	-0.00678011	-0.254126	radar	8.30248	-11.3472	10.5111	-11.1342	10.8394	5.17836	0.242681
1477010467200000	-10.7832	10.8088	5.28245	-0.0236014	-0.256977	lidar	2.6113	-10.6009	10.6823	-10.8753	10.8509	5.18153	0.214317
1477010467250000	-10.5282	10.8059	5.2516	-0.0341109	-0.254044	radar	0.231002	-10.6563	10.8369	-10.6161	10.8609	5.18435	0.187679
1477010467300000	-10.2951	10.8019	5.20012	-0.0455019	-0.25346	lidar	1.04115	-10.4142	10.8747	-10.3569	10.8697	5.18687	0.162776
1477010467350000	-10.0616	10.8396	5.00482	-0.0331704	-0.221735	radar	6.90388	-9.90413	11.2255	-10.0976	10.8772	5.1891	0.139618
1477010467400000	-9.79732	10.8872	5.04503	-0.0250037	-0.204556	lidar	2.66029	-9.83445	11.1032	-9.83809	10.8837	5.19106	0.118212
1477010467450000	-9.57681	10.8633	4.96338	-0.0405915	-0.208532	radar	3.66558	-10.195	10.3498	-9.57852	10.8891	5.19278	0.0985664
1477010467500000	-9.31061	10.892	5.0064	-0.037213	-0.196122	lidar	1.16278	-9.3066	11.0348	-9.31887	10.8936	5.19428	0.0806865
1477010467550000	-9.07425	10.8679	4.9443	-0.0499331	-0.196543	radar	2.43238	-9.2226	10.3527	-9.05915	10.8972	5.19557	0.0645787
1477010467600000	-8.80299	10.9015	4.99968	-0.043321	-0.181773	lidar	1.64947	-8.78899	11.0707	-8.79937	10.9001	5.19667	0.050248
1477010467650000	-8.57147	10.8575	4.94333	-0.0626659	-0.189872	radar	5.9041	-8.83914	10.0319	-8.53953	10.9023	5.19759	0.0376992
1477010467700000	-8.41129	10.7842	4.77033	-0.0947545	-0.211034	lidar	3.77791	-8.62045	10.6577	-8.27965	10.9039	5.19835	0.0269359
1477010467750000	-8.1713	10.7868	4.72846	-0.0935136	-0.197391	radar	1.80035	-7.91543	11.1157	-8.01974	10.905	5.19896	0.0179617
1477010467800000	-7.81567	10.8374	4.96452	-0.0727284	-0.16852	lidar	7.19292	-7.51971	11.0005	-7.75979	10.9057	5.19942	0.0107791
1477010467850000	-7.56362	10.8314	4.9071	-0.0715369	-0.154617	radar	2.5912	-7.25987	10.6458	-7.49981	10.9061	5.19975	0.00539029
1477010467900000	-7.27737	10.8239	4.98768	-0.0734153	-0.148822	lidar	0.875006	-7.15631	10.815	-7.23983	10.9063	5.19994	0.00179692
1477010467950000	-7.0592	10.844	4.8298	-0.0612336	-0.123332	radar	4.90679	-7.39396	11.0181	-6.97983	10.9064	5.2	-7.84874e-15
